	mgm4472160.3	mgm4472167.3	mgm4472253.3	mgm4472255.3	mgm4472304.3	mgm4472305.3	mgm4472312.3	mgm4472337.3	mgm4472353.3	mgm4472361.3	mgm4472397.3	mgm4472419.3	mgm4472428.3	mgm4472444.3	mgm4472462.3	mgm4472464.3	mgm4472467.3	mgm4472473.3	mgm4472484.3	mgm4472495.3	mgm4472580.3	mgm4472586.3	mgm4472682.3	mgm4472751.3	mgm4472934.3	mgm4473326.3	mgm4473472.3	mgm4473666.3	mgm4478487.3	mgm4478571.3
mgm4472160.3	0	3.77384688081617	3.73551642245055	4.07799279129965	4.31142318231925	3.91757583961209	5.36556648211479	6.84955631591731	4.21363737284799	6.29141064804988	5.55872268889416	5.49270843190896	5.13769488863141	4.54184843329853	5.15234579402913	6.5095916067655	7.68328606940441	6.45764461978677	4.25508721744447	4.27228280811328	6.68135406388674	7.16147924865866	6.45556294324745	4.60926252886963	7.24100466985231	6.47299461209834	4.69395066865996	4.99921914967068	3.60965465852937	4.6862992237482
mgm4472167.3	3.77384688081617	0	3.36291120688285	4.24908916409783	4.24982238606732	3.78969636954849	5.53649240890478	6.86250935717666	4.76004468652512	6.38746683997707	5.72909483221286	5.62803502011688	5.41510946510485	4.81330880190453	5.32378895065337	6.47688758825094	7.7399351699866	6.43708950441302	3.79614023396613	4.32878640507791	6.65463362744762	7.07930611210114	6.34445051996452	5.03010677155005	7.2549781533229	6.48827511244018	4.95638240537713	5.23583030506068	4.17696265751816	4.86473330266135
mgm4472253.3	3.73551642245055	3.36291120688285	0	4.04673708228606	4.2839192990203	3.7390471724401	5.54393510161071	6.67527895022031	4.65223979206487	6.20341302161325	5.48471312607337	5.41946327500286	5.5256687606859	4.87156715210651	5.40807324262071	6.33433600113279	7.47936147287082	6.28488462255445	4.00061113083768	4.39808469303342	6.4796618733867	6.94146156466274	6.27742746760473	4.77086235577825	7.07641869944562	6.24797482043133	4.86402721013078	5.24715652477077	4.07029489109155	4.77292744229033
mgm4472255.3	4.07799279129965	4.24908916409783	4.04673708228606	0	4.44618574667733	4.11686677830658	5.04542114236098	6.83060867567679	4.65732391389313	6.34047864680363	5.18380668368085	5.14569646381974	4.89076009780625	4.4349759714409	4.72578803775764	6.50594058160789	7.66991656766232	6.49906532630099	4.09720227616465	3.93516219062788	6.63624693939207	7.17184414028067	6.45337017469249	4.89661449747883	7.2747321291933	6.35374529175278	4.63962764649951	4.74044794989477	3.91113786979562	4.74679786732816
mgm4472304.3	4.31142318231925	4.24982238606732	4.2839192990203	4.44618574667733	0	3.69536057393177	5.63918622388747	7.03927165201205	4.87585618148743	6.60904872673397	5.80437459765225	5.80812459170891	5.53564139698433	5.14243526564047	5.46655371059063	6.75510768048482	7.8774286022038	6.75020791238903	3.84154736262856	4.99907680319521	6.71997037379472	7.38688974136888	6.61623311095671	5.13911336215198	7.35179772690095	6.58456119322799	4.88713962448993	5.49428445956288	4.19209505506973	4.99968481172888
mgm4472305.3	3.91757583961209	3.78969636954849	3.7390471724401	4.11686677830658	3.69536057393177	0	5.63020462902343	7.12319493291702	4.46522759340264	6.48887133431604	5.66417415308054	5.68371281319337	5.41720671788179	4.99927566646392	5.34946799084957	6.67336577709682	7.68664114486619	6.6566045704699	3.56867417729791	4.54649888376034	6.69459240219637	7.32305561577735	6.67266583922473	5.01889321067593	7.38202657004105	6.60759676006245	4.78777363799573	5.33220505783145	3.98058905421964	4.84075353947911
mgm4472312.3	5.36556648211479	5.53649240890478	5.54393510161071	5.04542114236098	5.63918622388747	5.63020462902343	0	6.45699617349505	5.37371498973264	5.88730361056776	3.89606747552534	3.98509998646393	4.15620970174239	4.70805476912466	4.26541802545347	6.02654136911025	7.4549482809443	6.11785029164226	5.65729713433078	4.82666134301899	6.28237337417617	6.78701607422777	5.86868154662906	5.00086322953833	6.94834672680158	5.96434513087672	5.0968820461144	3.693168078306	5.45173567287709	5.04639934169366
mgm4472337.3	6.84955631591731	6.86250935717666	6.67527895022031	6.83060867567679	7.03927165201205	7.12319493291702	6.45699617349505	0	6.26074756571607	3.81209207280628	6.16757194056371	6.51626395818626	7.15084675577544	5.96862055393174	6.85601170037376	3.63737438103987	4.76137907726672	3.43387315276441	6.94779148901716	6.56663326357803	4.25934779063705	3.46295454617461	3.59738763381903	6.29972030942117	3.86951135294065	3.75777338654456	6.32674445839572	6.21917245116965	6.8545616509165	6.32187000038008
mgm4472353.3	4.21363737284799	4.76004468652512	4.65223979206487	4.65732391389313	4.87585618148743	4.46522759340264	5.37371498973264	6.26074756571607	0	5.69388534437266	5.4055333243201	5.46065922785482	5.26767381326787	4.10255556835265	5.5401847383425	5.86568709915725	7.12504898290083	5.82002101523639	4.63458314326967	4.19806911338141	6.02482514487535	6.53987617176275	5.87412886567959	4.8240200764652	6.60712744761139	5.90978466214548	4.74409456232126	4.95209254481505	4.7864451788904	4.5901969697467
mgm4472361.3	6.29141064804988	6.38746683997707	6.20341302161325	6.34047864680363	6.60904872673397	6.48887133431604	5.88730361056776	3.81209207280628	5.69388534437266	0	5.64445055448132	5.88277612710932	6.62404015768511	5.5389394952111	6.45120949406082	3.23384894254545	5.12313706137372	3.26129038906042	6.42217449778116	5.97166178512127	3.79081627899038	4.10385082872168	3.55851161975885	5.8000345272967	4.43528035995262	3.53440998756569	5.83948857845481	5.52454076237877	6.33962849365015	5.731316748654
mgm4472397.3	5.55872268889416	5.72909483221286	5.48471312607337	5.18380668368085	5.80437459765225	5.66417415308054	3.89606747552534	6.16757194056371	5.4055333243201	5.64445055448132	0	3.51502837370047	4.66149315771078	4.74552697939709	4.35239866531416	5.69639783579682	7.11332055248355	5.84093315201584	5.7713366525515	5.15581286757252	5.89700822658871	6.44670655230444	5.62397383454955	4.82047353553426	6.61549972998434	5.59571638590351	4.86279469652517	3.75525828096145	5.58676240933765	4.88608259507821
mgm4472419.3	5.49270843190896	5.62803502011688	5.41946327500286	5.14569646381974	5.80812459170891	5.68371281319337	3.98509998646393	6.51626395818626	5.46065922785482	5.88277612710932	3.51502837370047	0	4.51811884143287	4.93695640778347	4.16580902699779	6.04852887659268	7.35252286299281	6.12756266339809	5.57830859137224	5.07846484803785	6.19763547111974	6.70525606129037	5.97559053012401	4.80288357445196	6.82119265942092	5.95812883384911	4.9171319495721	3.79708164476493	5.61957720133038	4.81261215737928
mgm4472428.3	5.13769488863141	5.41510946510485	5.5256687606859	4.89076009780625	5.53564139698433	5.41720671788179	4.15620970174239	7.15084675577544	5.26767381326787	6.62404015768511	4.66149315771078	4.51811884143287	0	4.73954142521212	4.43776979133983	6.73026733218517	7.90318053390635	6.76632582201696	5.52695380115405	5.10227970538221	6.91506794966631	7.47709158767623	6.72237768151264	4.82201877179121	7.50679862731878	6.76372232487575	5.15991829661329	3.92250407897197	5.41086141648765	5.1797207483671
mgm4472444.3	4.54184843329853	4.81330880190453	4.87156715210651	4.4349759714409	5.14243526564047	4.99927566646392	4.70805476912466	5.96862055393174	4.10255556835265	5.5389394952111	4.74552697939709	4.93695640778347	4.73954142521212	0	4.95521785773676	5.58965250513664	6.95398929282246	5.59102087464724	5.0751139415395	3.96412984848472	5.78020772346738	6.3525309700093	5.4865477976116	4.51918921017967	6.46974469305502	5.65141359237928	4.51434713211531	4.36845614646706	4.75122486086875	4.67656362270538
mgm4472462.3	5.15234579402913	5.32378895065337	5.40807324262071	4.72578803775764	5.46655371059063	5.34946799084957	4.26541802545347	6.85601170037376	5.5401847383425	6.45120949406082	4.35239866531416	4.16580902699779	4.43776979133983	4.95521785773676	0	6.39077355439011	7.76294949666843	6.60110942136495	5.32899842932582	4.84900221288215	6.6407023757915	7.16598508251956	6.36712957266455	4.96682538156246	7.21912674630694	6.32028738339888	4.65946944399839	4.16945925693572	5.29354405469445	4.81901515668588
mgm4472464.3	6.5095916067655	6.47688758825094	6.33433600113279	6.50594058160789	6.75510768048482	6.67336577709682	6.02654136911025	3.63737438103987	5.86568709915725	3.23384894254545	5.69639783579682	6.04852887659268	6.73026733218517	5.58965250513664	6.39077355439011	0	5.14908559252436	3.14013913105492	6.6398251017527	6.23293657140293	3.46521156987478	4.0517238443371	3.1694760251495	5.87236927420542	4.27770068075346	3.0562410507442	5.91965840361294	5.69645491834467	6.52015830040449	5.85200390341017
mgm4472467.3	7.68328606940441	7.7399351699866	7.47936147287082	7.66991656766232	7.8774286022038	7.68664114486619	7.4549482809443	4.76137907726672	7.12504898290083	5.12313706137372	7.11332055248355	7.35252286299281	7.90318053390635	6.95398929282246	7.76294949666843	5.14908559252436	0	5.36385676483415	7.77690378341016	7.49095050650207	5.18384609920278	4.58136461727636	5.32606608513566	7.08519787655626	4.76984420487328	5.30013018915992	7.2297215820903	7.11955058797364	7.74312890930377	7.23945596041202
mgm4472473.3	6.45764461978677	6.43708950441302	6.28488462255445	6.49906532630099	6.75020791238903	6.6566045704699	6.11785029164226	3.43387315276441	5.82002101523639	3.26129038906042	5.84093315201584	6.12756266339809	6.76632582201696	5.59102087464724	6.60110942136495	3.14013913105492	5.36385676483415	0	6.51974576239233	6.20406942283218	3.77858112871884	4.18457159726937	3.31544725244028	5.97164016726932	4.29820036042703	3.52248961453894	5.98226422007253	5.77824427873452	6.44587387086905	5.94896742153252
mgm4472484.3	4.25508721744447	3.79614023396613	4.00061113083768	4.09720227616465	3.84154736262856	3.56867417729791	5.65729713433078	6.94779148901716	4.63458314326967	6.42217449778116	5.7713366525515	5.57830859137224	5.52695380115405	5.0751139415395	5.32899842932582	6.6398251017527	7.77690378341016	6.51974576239233	0	4.56462567592109	6.75251320445765	7.21210566770776	6.53681584814716	4.99673308248037	7.31890964386684	6.54167037650986	4.86841868238812	5.35927417498247	3.9642755008313	4.69818222757216
mgm4472495.3	4.27228280811328	4.32878640507791	4.39808469303342	3.93516219062788	4.99907680319521	4.54649888376034	4.82666134301899	6.56663326357803	4.19806911338141	5.97166178512127	5.15581286757252	5.07846484803785	5.10227970538221	3.96412984848472	4.84900221288215	6.23293657140293	7.49095050650207	6.20406942283218	4.56462567592109	0	6.43967179441503	6.86716059937975	6.09730147237457	4.77250309777713	6.96908483208325	6.14636553535204	4.5993760256217	4.44446038954415	4.60854215138222	4.407044082048
mgm4472580.3	6.68135406388674	6.65463362744762	6.4796618733867	6.63624693939207	6.71997037379472	6.69459240219637	6.28237337417617	4.25934779063705	6.02482514487535	3.79081627899038	5.89700822658871	6.19763547111974	6.91506794966631	5.78020772346738	6.6407023757915	3.46521156987478	5.18384609920278	3.77858112871884	6.75251320445765	6.43967179441503	0	4.49677065872083	3.77145887482223	6.08356437573759	4.40970974572566	3.5634772554277	6.03296387621756	5.85202187527708	6.65459345395545	5.97167204672412
mgm4472586.3	7.16147924865866	7.07930611210114	6.94146156466274	7.17184414028067	7.38688974136888	7.32305561577735	6.78701607422777	3.46295454617461	6.53987617176275	4.10385082872168	6.44670655230444	6.70525606129037	7.47709158767623	6.3525309700093	7.16598508251956	4.0517238443371	4.58136461727636	4.18457159726937	7.21210566770776	6.86716059937975	4.49677065872083	0	3.79340378944128	6.65245438404381	3.58112293242651	4.08626761804298	6.5697500287181	6.49198199352447	7.19447578707639	6.52308811194448
mgm4472682.3	6.45556294324745	6.34445051996452	6.27742746760473	6.45337017469249	6.61623311095671	6.67266583922473	5.86868154662906	3.59738763381903	5.87412886567959	3.55851161975885	5.62397383454955	5.97559053012401	6.72237768151264	5.4865477976116	6.36712957266455	3.1694760251495	5.32606608513566	3.31544725244028	6.53681584814716	6.09730147237457	3.77145887482223	3.79340378944128	0	5.9291486285571	4.16422124295293	2.60766436697972	5.88931475836385	5.64283714588432	6.38709182786749	5.77542351362224
mgm4472751.3	4.60926252886963	5.03010677155005	4.77086235577825	4.89661449747883	5.13911336215198	5.01889321067593	5.00086322953833	6.29972030942117	4.8240200764652	5.8000345272967	4.82047353553426	4.80288357445196	4.82201877179121	4.51918921017967	4.96682538156246	5.87236927420542	7.08519787655626	5.97164016726932	4.99673308248037	4.77250309777713	6.08356437573759	6.65245438404381	5.9291486285571	0	6.67970353685208	5.82538237194755	4.72817155606349	4.48921414635099	4.90122141470561	4.91124326866513
mgm4472934.3	7.24100466985231	7.2549781533229	7.07641869944562	7.2747321291933	7.35179772690095	7.38202657004105	6.94834672680158	3.86951135294065	6.60712744761139	4.43528035995262	6.61549972998434	6.82119265942092	7.50679862731878	6.46974469305502	7.21912674630694	4.27770068075346	4.76984420487328	4.29820036042703	7.31890964386684	6.96908483208325	4.40970974572566	3.58112293242651	4.16422124295293	6.67970353685208	0	4.20010312458026	6.6248560141367	6.5978578892603	7.28489679461112	6.54054728229248
mgm4473326.3	6.47299461209834	6.48827511244018	6.24797482043133	6.35374529175278	6.58456119322799	6.60759676006245	5.96434513087672	3.75777338654456	5.90978466214548	3.53440998756569	5.59571638590351	5.95812883384911	6.76372232487575	5.65141359237928	6.32028738339888	3.0562410507442	5.30013018915992	3.52248961453894	6.54167037650986	6.14636553535204	3.5634772554277	4.08626761804298	2.60766436697972	5.82538237194755	4.20010312458026	0	5.87078529703968	5.73624673390172	6.35488867848347	5.77313341546922
mgm4473472.3	4.69395066865996	4.95638240537713	4.86402721013078	4.63962764649951	4.88713962448993	4.78777363799573	5.0968820461144	6.32674445839572	4.74409456232126	5.83948857845481	4.86279469652517	4.9171319495721	5.15991829661329	4.51434713211531	4.65946944399839	5.91965840361294	7.2297215820903	5.98226422007253	4.86841868238812	4.5993760256217	6.03296387621756	6.5697500287181	5.88931475836385	4.72817155606349	6.6248560141367	5.87078529703968	0	4.45573239071919	4.75320437584278	2.79494279134024
mgm4473666.3	4.99921914967068	5.23583030506068	5.24715652477077	4.74044794989477	5.49428445956288	5.33220505783145	3.693168078306	6.21917245116965	4.95209254481505	5.52454076237877	3.75525828096145	3.79708164476493	3.92250407897197	4.36845614646706	4.16945925693572	5.69645491834467	7.11955058797364	5.77824427873452	5.35927417498247	4.44446038954415	5.85202187527708	6.49198199352447	5.64283714588432	4.48921414635099	6.5978578892603	5.73624673390172	4.45573239071919	0	5.16656964144195	4.41467611817101
mgm4478487.3	3.60965465852937	4.17696265751816	4.07029489109155	3.91113786979562	4.19209505506973	3.98058905421964	5.45173567287709	6.8545616509165	4.7864451788904	6.33962849365015	5.58676240933765	5.61957720133038	5.41086141648765	4.75122486086875	5.29354405469445	6.52015830040449	7.74312890930377	6.44587387086905	3.9642755008313	4.60854215138222	6.65459345395545	7.19447578707639	6.38709182786749	4.90122141470561	7.28489679461112	6.35488867848347	4.75320437584278	5.16656964144195	0	4.84639585962609
mgm4478571.3	4.6862992237482	4.86473330266135	4.77292744229033	4.74679786732816	4.99968481172888	4.84075353947911	5.04639934169366	6.32187000038008	4.5901969697467	5.731316748654	4.88608259507821	4.81261215737928	5.1797207483671	4.67656362270538	4.81901515668588	5.85200390341017	7.23945596041202	5.94896742153252	4.69818222757216	4.407044082048	5.97167204672412	6.52308811194448	5.77542351362224	4.91124326866513	6.54054728229248	5.77313341546922	2.79494279134024	4.41467611817101	4.84639585962609	0
